Original world:
0   0   0   *   0   0   *   0   0   0   
0   0   0   0   0   0   *   0   *   *   
0   0   *   0   0   0   0   0   0   0   
*   0   0   0   0   0   0   0   0   0   
0   0   *   *   *   *   0   *   *   0   
*   *   *   0   0   0   0   0   0   0   
0   *   0   0   0   0   0   0   0   0   
0   0   0   *   0   0   0   *   0   0   
*   *   *   0   0   0   0   0   0   0   
0   0   *   0   *   *   0   0   *   0   
*   *   0   0   0   *   *   0   *   0   
0   0   0   0   0   0   *   0   *   0   
*   *   0   0   0   *   0   0   0   0   
*   0   0   0   0   0   0   0   0   0   
0   0   0   0   0   *   *   0   0   *   
0   0   *   *   0   *   0   *   0   0   
*   *   0   0   *   0   0   0   0   0   
*   0   *   *   0   0   0   0   0   0   
0   *   *   0   *   0   *   0   0   0   
0   *   0   0   0   0   0   0   0   *   


World with mutated numb_Blobs:
0   0   0   #   0   0   #   0   0   0   
0   0   0   0   0   0   #   0   #   #   
0   0   #   0   0   0   0   0   0   0   
#   0   0   0   0   0   0   0   0   0   
0   0   #   #   #   #   0   #   #   0   
#   #   #   0   0   0   0   0   0   0   
0   #   0   0   0   0   0   0   0   0   
0   0   0   #   0   0   0   #   0   0   
#   #   #   0   0   0   0   0   0   0   
0   0   #   0   #   #   0   0   #   0   
#   #   0   0   0   #   #   0   #   0   
0   0   0   0   0   0   #   0   #   0   
#   #   0   0   0   #   0   0   0   0   
#   0   0   0   0   0   0   0   0   0   
0   0   0   0   0   #   #   0   0   #   
0   0   #   #   0   #   0   #   0   0   
#   #   0   0   #   0   0   0   0   0   
#   0   #   #   0   0   0   0   0   0   
0   #   #   0   #   0   #   0   0   0   
0   #   0   0   0   0   0   0   0   #   
56 numb_Blobs were found.