Original world:
0 0 0 * 0 0 * 0 0 0 0 0 * 0 * 0 * 0 * 0 
0 0 0 0 0 0 * 0 * * 0 * 0 0 * 0 0 0 0 0 
0 0 * 0 0 0 0 0 0 0 * * 0 * 0 0 * * 0 0 
* 0 0 0 0 0 0 0 0 0 * 0 * * 0 * 0 * 0 0 
0 0 * * * * 0 * * 0 0 * * 0 0 0 0 * 0 0 
* * * 0 0 0 0 0 0 0 * 0 0 0 0 0 0 0 0 0 
0 * 0 0 0 0 0 0 0 0 0 0 * 0 0 0 0 0 * * 
0 0 0 * 0 0 0 * 0 0 0 * 0 0 0 0 0 * 0 0 
* * * 0 0 0 0 0 0 0 * 0 * 0 0 * 0 0 * 0 
0 0 * 0 * * 0 0 * 0 0 0 0 0 0 0 0 0 0 0 
* * 0 0 0 * * 0 * 0 0 0 0 * 0 * * * 0 0 
0 0 0 0 0 0 * 0 * 0 * 0 0 0 * 0 0 * * * 
* * 0 0 0 * 0 0 0 0 0 0 0 0 0 0 0 * 0 0 
* 0 0 0 0 0 0 0 0 0 0 0 0 0 0 0 0 0 0 0 
0 0 0 0 0 * * 0 0 * 0 0 0 0 0 0 * 0 0 0 
0 0 * * 0 * 0 * 0 0 0 * 0 0 0 * 0 * 0 * 
* * 0 0 * 0 0 0 0 0 0 0 * * 0 * 0 0 * * 
* 0 * * 0 0 0 0 0 0 0 0 * 0 0 * 0 * 0 0 
0 * * 0 * 0 * 0 0 0 0 0 * 0 * 0 0 0 * * 
0 * 0 0 0 0 0 0 0 * 0 0 * 0 0 0 * * 0 0 


World with mutated blobs:
0 0 0 # 0 0 # 0 0 0 0 0 # 0 # 0 # 0 # 0 
0 0 0 0 0 0 # 0 # # 0 # 0 0 # 0 0 0 0 0 
0 0 # 0 0 0 0 0 0 0 # # 0 # 0 0 # # 0 0 
# 0 0 0 0 0 0 0 0 0 # 0 # # 0 # 0 # 0 0 
0 0 # # # # 0 # # 0 0 # # 0 0 0 0 # 0 0 
# # # 0 0 0 0 0 0 0 # 0 0 0 0 0 0 0 0 0 
0 # 0 0 0 0 0 0 0 0 0 0 # 0 0 0 0 0 # # 
0 0 0 # 0 0 0 # 0 0 0 # 0 0 0 0 0 # 0 0 
# # # 0 0 0 0 0 0 0 # 0 # 0 0 # 0 0 # 0 
0 0 # 0 # # 0 0 # 0 0 0 0 0 0 0 0 0 0 0 
# # 0 0 0 # # 0 # 0 0 0 0 # 0 # # # 0 0 
0 0 0 0 0 0 # 0 # 0 # 0 0 0 # 0 0 # # # 
# # 0 0 0 # 0 0 0 0 0 0 0 0 0 0 0 # 0 0 
# 0 0 0 0 0 0 0 0 0 0 0 0 0 0 0 0 0 0 0 
0 0 0 0 0 # # 0 0 # 0 0 0 0 0 0 # 0 0 0 
0 0 # # 0 # 0 # 0 0 0 # 0 0 0 # 0 # 0 # 
# # 0 0 # 0 0 0 0 0 0 0 # # 0 # 0 0 # # 
# 0 # # 0 0 0 0 0 0 0 0 # 0 0 # 0 # 0 0 
0 # # 0 # 0 # 0 0 0 0 0 # 0 # 0 0 0 # # 
0 # 0 0 0 0 0 0 0 # 0 0 # 0 0 0 # # 0 0 
115 blobs were found.